0 INSOMNIA
1 10
2 90
11 110
1692 5076
163444 653776
206929 620787
459923 4139307
691520 2074560
40 920
999993 9999930
612112 4896896
908502 3634008
241453 724359
926904 2780712
567583 1702749
718525 3592625
994798 4973990
999992 5999952
930033 4650165
25 900
1250 90000
9 90
91633 733064
200917 602751
5 90
7 70
4 92
999999 9999990
591085 2364340
769864 2309592
71189 640701
166 5478
476216 1904864
933652 1867304
609465 2437860
859561 4297805
151411 908466
58908 235632
842361 3369444
12500 900000
323139 2908251
999991 9999910
125 9000
936133 3744532
51830 207320
482657 1930628
20 900
116539 349617
34 918
864874 4324370
832128 4992768
999995 6999965
369944 2589608
999996 5999976
984828 6893796
8 96
316091 1580455
125000 9000000
963821 4819105
3 30
900468 4502340
124 2356
938493 5630958
479210 1437630
594362 1783086
943739 6606173
109175 436700
210398 841592
558587 3910109
61739 308695
1000000 9000000
442303 2211515
838365 3353460
404663 2427978
139873 1398730
999994 5999964
622115 3732690
6665 73315
200 9000
434677 2173385
794175 3176700
959320 2877960
446431 3125017
270963 812889
249267 747801
328146 1640730
438600 2193000
685319 2741276
790765 4744590
999997 9999970
382063 1528252
521535 3129210
570226 2851130
555254 4997286
365801 1097403
406629 1219887
10 90
999998 7999984
6 90
